0.000000000000000000e+00 1.000000000000000000e+00
4.736069326130653429e-02 1.000000000000000000e+00
9.472138652261306857e-02 1.000000000000000000e+00
1.420820797839195959e-01 1.000000000000000000e+00
1.894427730452261371e-01 1.000000000000000000e+00
2.368034663065326784e-01 1.000000000000000000e+00
2.841641595678391918e-01 1.000000000000000000e+00
3.315248528291457331e-01 1.000000000000000000e+00
3.788855460904522743e-01 1.000000000000000000e+00
4.262462393517588155e-01 1.000000000000000000e+00
4.736069326130653567e-01 1.000000000000000000e+00
5.209676258743718424e-01 1.000000000000000000e+00
5.683283191356783837e-01 1.000000000000000000e+00
6.156890123969849249e-01 1.000000000000000000e+00
6.630497056582914661e-01 1.000000000000000000e+00
7.104103989195980073e-01 1.000000000000000000e+00
7.577710921809045486e-01 1.000000000000000000e+00
8.051317854422110898e-01 1.000000000000000000e+00
8.524924787035176310e-01 1.000000000000000000e+00
8.998531719648241722e-01 1.000000000000000000e+00
9.472138652261307135e-01 1.000000000000000000e+00
9.945745584874372547e-01 1.000000000000000000e+00
1.041935251748743685e+00 1.000000000000000000e+00
1.089295945010050337e+00 1.000000000000000000e+00
1.136656638271356767e+00 1.000000000000000000e+00
1.184017331532663420e+00 1.000000000000000000e+00
1.231378024793969850e+00 1.000000000000000000e+00
1.278738718055276502e+00 1.000000000000000000e+00
1.326099411316582932e+00 1.000000000000000000e+00
1.373460104577889584e+00 1.000000000000000000e+00
1.420820797839196015e+00 1.000000000000000000e+00
1.468181491100502667e+00 1.000000000000000000e+00
1.515542184361809097e+00 1.000000000000000000e+00
1.562902877623115527e+00 1.000000000000000000e+00
1.610263570884422180e+00 1.000000000000000000e+00
1.657624264145728610e+00 1.000000000000000000e+00
1.704984957407035262e+00 1.000000000000000000e+00
1.752345650668341692e+00 1.000000000000000000e+00
1.799706343929648344e+00 1.000000000000000000e+00
1.847067037190954775e+00 1.000000000000000000e+00
1.894427730452261427e+00 1.000000000000000000e+00
1.941788423713567857e+00 1.000000000000000000e+00
1.989149116974874509e+00 1.000000000000000000e+00
2.036509810236180940e+00 1.000000000000000000e+00
2.083870503497487370e+00 1.000000000000000000e+00
2.131231196758794244e+00 1.000000000000000000e+00
2.178591890020100674e+00 1.000000000000000000e+00
2.225952583281407104e+00 1.000000000000000000e+00
2.273313276542713535e+00 1.000000000000000000e+00
2.320673969804019965e+00 1.000000000000000000e+00
2.368034663065326839e+00 1.000000000000000000e+00
2.415395356326633269e+00 1.000000000000000000e+00
2.462756049587939700e+00 1.000000000000000000e+00
2.510116742849246130e+00 1.000000000000000000e+00
2.557477436110553004e+00 1.000000000000000000e+00
2.604838129371859434e+00 1.000000000000000000e+00
2.652198822633165864e+00 1.000000000000000000e+00
2.699559515894472295e+00 1.000000000000000000e+00
2.746920209155779169e+00 1.000000000000000000e+00
2.794280902417085599e+00 1.000000000000000000e+00
2.841641595678392029e+00 1.000000000000000000e+00
2.889002288939698460e+00 1.000000000000000000e+00
2.936362982201005334e+00 1.000000000000000000e+00
2.983723675462311764e+00 1.000000000000000000e+00
3.031084368723618194e+00 1.000000000000000000e+00
3.078445061984924624e+00 1.000000000000000000e+00
3.125805755246231055e+00 1.000000000000000000e+00
3.173166448507537929e+00 1.000000000000000000e+00
3.220527141768844359e+00 1.000000000000000000e+00
3.267887835030150789e+00 1.000000000000000000e+00
3.315248528291457220e+00 1.000000000000000000e+00
3.362609221552764094e+00 1.000000000000000000e+00
3.409969914814070524e+00 1.000000000000000000e+00
3.457330608075376954e+00 1.000000000000000000e+00
3.504691301336683384e+00 1.000000000000000000e+00
3.552051994597990259e+00 1.000000000000000000e+00
3.599412687859296689e+00 1.000000000000000000e+00
3.646773381120603119e+00 1.000000000000000000e+00
3.694134074381909549e+00 1.000000000000000000e+00
3.741494767643216424e+00 1.000000000000000000e+00
3.788855460904522854e+00 1.000000000000000000e+00
3.836216154165829284e+00 1.000000000000000000e+00
3.883576847427135714e+00 1.000000000000000000e+00
3.930937540688442144e+00 1.000000000000000000e+00
3.978298233949749019e+00 1.000000000000000000e+00
4.025658927211055449e+00 1.000000000000000000e+00
4.073019620472361879e+00 1.000000000000000000e+00
4.120380313733668309e+00 1.000000000000000000e+00
4.167741006994974740e+00 1.000000000000000000e+00
4.215101700256281170e+00 1.000000000000000000e+00
4.262462393517588488e+00 1.000000000000000000e+00
4.309823086778894918e+00 1.000000000000000000e+00
4.357183780040201349e+00 1.000000000000000000e+00
4.404544473301507779e+00 1.000000000000000000e+00
4.451905166562814209e+00 1.000000000000000000e+00
4.499265859824120639e+00 1.000000000000000000e+00
4.546626553085427069e+00 1.000000000000000000e+00
4.593987246346733500e+00 1.000000000000000000e+00
4.641347939608039930e+00 1.000000000000000000e+00
4.688708632869347248e+00 1.000000000000000000e+00
4.736069326130653678e+00 1.000000000000000000e+00
4.783430019391960109e+00 1.000000000000000000e+00
4.830790712653266539e+00 1.000000000000000000e+00
4.878151405914572969e+00 1.000000000000000000e+00
4.925512099175879399e+00 1.000000000000000000e+00
4.972872792437185829e+00 1.000000000000000000e+00
5.020233485698492260e+00 1.000000000000000000e+00
5.067594178959799578e+00 1.000000000000000000e+00
5.114954872221106008e+00 1.000000000000000000e+00
5.162315565482412438e+00 1.000000000000000000e+00
5.209676258743718869e+00 1.000000000000000000e+00
5.257036952005025299e+00 1.000000000000000000e+00
5.304397645266331729e+00 1.000000000000000000e+00
5.351758338527638159e+00 1.000000000000000000e+00
5.399119031788944589e+00 1.000000000000000000e+00
5.446479725050251020e+00 1.000000000000000000e+00
5.493840418311558338e+00 1.000000000000000000e+00
5.541201111572864768e+00 1.000000000000000000e+00
5.588561804834171198e+00 1.000000000000000000e+00
5.635922498095477629e+00 1.000000000000000000e+00
5.683283191356784059e+00 1.000000000000000000e+00
5.730643884618090489e+00 1.000000000000000000e+00
5.778004577879396919e+00 1.000000000000000000e+00
5.825365271140703349e+00 1.000000000000000000e+00
5.872725964402010668e+00 1.000000000000000000e+00
5.920086657663317098e+00 1.000000000000000000e+00
5.967447350924623528e+00 1.000000000000000000e+00
6.014808044185929958e+00 1.000000000000000000e+00
6.062168737447236389e+00 1.000000000000000000e+00
6.109529430708542819e+00 1.000000000000000000e+00
6.156890123969849249e+00 1.000000000000000000e+00
6.204250817231155679e+00 1.000000000000000000e+00
6.251611510492462109e+00 1.000000000000000000e+00
6.298972203753769428e+00 1.000000000000000000e+00
6.346332897015075858e+00 1.000000000000000000e+00
6.393693590276382288e+00 1.000000000000000000e+00
6.441054283537688718e+00 1.000000000000000000e+00
6.488414976798995148e+00 1.000000000000000000e+00
6.535775670060301579e+00 1.000000000000000000e+00
6.583136363321608009e+00 1.000000000000000000e+00
6.630497056582914439e+00 1.000000000000000000e+00
6.677857749844221757e+00 1.000000000000000000e+00
6.725218443105528188e+00 1.000000000000000000e+00
6.772579136366834618e+00 1.000000000000000000e+00
6.819939829628141048e+00 1.000000000000000000e+00
6.867300522889447478e+00 1.000000000000000000e+00
6.914661216150753908e+00 1.000000000000000000e+00
6.962021909412060339e+00 1.000000000000000000e+00
7.009382602673366769e+00 1.000000000000000000e+00
7.056743295934673199e+00 1.000000000000000000e+00
7.104103989195980517e+00 1.000000000000000000e+00
7.151464682457286948e+00 1.000000000000000000e+00
7.198825375718593378e+00 1.000000000000000000e+00
7.246186068979899808e+00 1.000000000000000000e+00
7.293546762241206238e+00 1.000000000000000000e+00
7.340907455502512668e+00 1.000000000000000000e+00
7.388268148763819099e+00 1.000000000000000000e+00
7.435628842025125529e+00 1.000000000000000000e+00
7.482989535286432847e+00 1.000000000000000000e+00
7.530350228547739277e+00 1.000000000000000000e+00
7.577710921809045708e+00 1.000000000000000000e+00
7.625071615070352138e+00 1.000000000000000000e+00
7.672432308331658568e+00 1.000000000000000000e+00
7.719793001592964998e+00 1.000000000000000000e+00
7.767153694854271428e+00 1.000000000000000000e+00
7.814514388115577859e+00 1.000000000000000000e+00
7.861875081376884289e+00 1.000000000000000000e+00
7.909235774638191607e+00 1.000000000000000000e+00
7.956596467899498037e+00 1.000000000000000000e+00
8.003957161160803579e+00 1.000000000000000000e+00
8.051317854422110898e+00 1.000000000000000000e+00
8.098678547683418216e+00 1.000000000000000000e+00
8.146039240944723758e+00 1.000000000000000000e+00
8.193399934206031077e+00 1.000000000000000000e+00
8.240760627467336619e+00 1.000000000000000000e+00
8.288121320728643937e+00 1.000000000000000000e+00
8.335482013989949479e+00 1.000000000000000000e+00
8.382842707251256797e+00 1.000000000000000000e+00
8.430203400512562339e+00 1.000000000000000000e+00
8.477564093773869658e+00 1.000000000000000000e+00
8.524924787035176976e+00 1.000000000000000000e+00
8.572285480296482518e+00 1.000000000000000000e+00
8.619646173557789837e+00 1.000000000000000000e+00
8.667006866819095379e+00 1.000000000000000000e+00
8.714367560080402697e+00 1.000000000000000000e+00
8.761728253341708239e+00 1.000000000000000000e+00
8.809088946603015557e+00 1.000000000000000000e+00
8.856449639864321099e+00 1.000000000000000000e+00
8.903810333125628418e+00 1.000000000000000000e+00
8.951171026386935736e+00 1.000000000000000000e+00
8.998531719648241278e+00 1.000000000000000000e+00
9.045892412909548597e+00 1.000000000000000000e+00
9.093253106170854139e+00 1.000000000000000000e+00
9.140613799432161457e+00 1.000000000000000000e+00
9.187974492693466999e+00 1.000000000000000000e+00
9.235335185954774317e+00 1.000000000000000000e+00
9.282695879216079859e+00 1.000000000000000000e+00
9.330056572477387178e+00 1.000000000000000000e+00
9.377417265738694496e+00 1.000000000000000000e+00
9.424777959000000038e+00 1.000000000000000000e+00
