0.000000000000000000e+00 2.999999999999999889e-01
4.736069326130653429e-02 2.868150057616308812e-01
9.472138652261306857e-02 2.484189835336290397e-01
1.420820797839195959e-01 1.881869421950111421e-01
1.894427730452261371e-01 1.114132758658763905e-01
2.368034663065326784e-01 2.484638686761221973e-02
2.841641595678391918e-01 -6.390449858194359456e-02
3.315248528291457331e-01 -1.470381810607741813e-01
3.788855460904522743e-01 -2.172472130722274963e-01
4.262462393517588155e-01 -2.683602233992870567e-01
4.736069326130653567e-01 -2.958843803974996467e-01
5.209676258743718424e-01 -2.974003117239492067e-01
5.683283191356783837e-01 -2.727747670732691421e-01
6.156890123969849249e-01 -2.241723308743654997e-01
6.630497056582914661e-01 -1.558651554022598973e-01
7.104103989195980073e-01 -7.385743875721251239e-02
7.577710921809045486e-01 1.464234391766543880e-02
8.051317854422110898e-01 1.018550651246058064e-01
8.524924787035176310e-01 1.801147300194350098e-01
8.998531719648241722e-01 2.425423170639200154e-01
9.472138652261307135e-01 2.836504437547484603e-01
9.945745584874372547e-01 2.998257073347955215e-01
1.041935251748743685e+00 2.896463027566811288e-01
1.089295945010050337e+00 2.540069992918215225e-01
1.136656638271356767e+00 1.960404903458415060e-01
1.184017331532663420e+00 1.208420298285481226e-01
1.231378024793969850e+00 3.502155953097341873e-02
1.278738718055276502e+00 -5.387730450416544636e-02
1.326099411316582932e+00 -1.380403555428624252e-01
1.373460104577889584e+00 -2.100696646315922955e-01
1.420820797839196015e+00 -2.636338582681639897e-01
1.468181491100502667e+00 -2.940246458893710502e-01
1.515542184361809097e+00 -2.985706784306453865e-01
1.562902877623115527e+00 -2.768723598062264868e-01
1.610263570884422180e+00 -2.308369713897487352e-01
1.657624264145728610e+00 -1.645110220547621738e-01
1.704984957407035262e+00 -8.372456020017356171e-02
1.752345650668341692e+00 4.421287280076919429e-03
1.799706343929648344e+00 9.217850377823413877e-02
1.847067037190954775e+00 1.718332333349408825e-01
1.894427730452261427e+00 2.363838282817715686e-01
1.941788423713567857e+00 2.801562938023429150e-01
1.989149116974874509e+00 2.993030318587363570e-01
2.036509810236180940e+00 2.921410449112373797e-01
2.083870503497487370e+00 2.592998713374332631e-01
2.131231196758794244e+00 2.036662490330025665e-01
2.178591890020100674e+00 1.301303712615695107e-01
2.225952583281407104e+00 4.515603885466606959e-02
2.273313276542713535e+00 -4.378750763308013327e-02
2.320673969804019965e+00 -1.288821338817944806e-01
2.368034663065326839e+00 -2.026480255127751928e-01
2.415395356326633269e+00 -2.586011634850697294e-01
2.462756049587939700e+00 -2.918232691201232409e-01
2.510116742849246130e+00 -2.993941206087042950e-01
2.557477436110553004e+00 -2.806482403957695215e-01
2.604838129371859434e+00 -2.372333906319907537e-01
2.652198822633165864e+00 -1.729657349440008596e-01
2.699559515894472295e+00 -9.349439779819884722e-02
2.746920209155779169e+00 -5.804906677135597028e-03
2.794280902417085599e+00 8.239483551787532556e-02
2.841641595678392029e+00 1.633520748357226160e-01
2.889002288939698460e+00 2.299506730500064378e-01
2.936362982201005334e+00 2.763366159358003893e-01
2.983723675462311764e+00 2.984325808951675540e-01
3.031084368723618194e+00 2.942963334569055900e-01
3.078445061984924624e+00 2.642914496119608825e-01
3.125805755246231055e+00 2.110553574977901692e-01
3.173166448507537929e+00 1.392675075663833972e-01
3.220527141768844359e+00 5.523804906927782393e-02
3.267887835030150789e+00 -3.364683181927461547e-02
3.315248528291457220e+00 -1.195741574833170118e-01
3.362609221552764094e+00 -1.949909192975244621e-01
3.409969914814070524e+00 -2.532679867952500885e-01
3.457330608075376954e+00 -2.892828079819180775e-01
3.504691301336683384e+00 -2.998696814585801729e-01
3.552051994597990259e+00 -2.840980214532891623e-01
3.599412687859296689e+00 -2.433541562747071618e-01
3.646773381120603119e+00 -1.812194701070240777e-01
3.694134074381909549e+00 -1.031555994777317298e-01
3.741494767643216424e+00 -1.602435561664236965e-02
3.788855460904522854e+00 7.251542848764039317e-02
3.836216154165829284e+00 1.546811092132394649e-01
3.883576847427135714e+00 2.232503263804312688e-01
3.930937540688442144e+00 2.721958484340231688e-01
3.978298233949749019e+00 2.972153658655449227e-01
4.025658927211055449e+00 2.961096640537864144e-01
4.073019620472361879e+00 2.689759341455307262e-01
4.120380313733668309e+00 2.181992299574834482e-01
4.167741006994974740e+00 1.482428218373963991e-01
4.215101700256281170e+00 6.525587537193845711e-02
4.262462393517588488e+00 -2.346706003217983311e-02
4.309823086778894918e+00 -1.101272417608577109e-01
4.357183780040201349e+00 -1.871072431688405868e-01
4.404544473301507779e+00 -2.476405250892339815e-01
4.451905166562814209e+00 -2.864062143663725912e-01
4.499265859824120639e+00 -2.999968084018198589e-01
4.546626553085427069e+00 -2.872176945018863337e-01
4.593987246346733500e+00 -2.491921562875194507e-01
4.641347939608039930e+00 -1.892626371071680080e-01
4.688708632869347248e+00 -1.126969393948377002e-01
4.736069326130653678e+00 -2.622518503849068441e-02
4.783430019391960109e+00 6.255176207540739941e-02
4.830790712653266539e+00 1.458304117055449767e-01
4.878151405914572969e+00 2.162905737482393731e-01
4.925512099175879399e+00 2.677388026663724552e-01
4.972872792437185829e+00 2.956528011142126600e-01
5.020233485698492260e+00 2.975789297003958445e-01
5.067594178959799578e+00 2.733478817961799701e-01
5.114954872221106008e+00 2.250895655816110563e-01
5.162315565482412438e+00 1.570458851983043969e-01
5.209676258743718869e+00 7.519787753833814814e-02
5.257036952005025299e+00 -1.326002066883384331e-02
5.304397645266331729e+00 -1.005523635685443007e-01
5.351758338527638159e+00 -1.790061575728818799e-01
5.399119031788944589e+00 -2.417253172023476337e-01
5.446479725050251020e+00 -2.831968307346064417e-01
5.493840418311558338e+00 -2.997753537231316323e-01
5.541201111572864768e+00 -2.900036346340259530e-01
5.588561804834171198e+00 -2.547406071998817856e-01
5.635922498095477629e+00 -1.970858901776766647e-01
5.683283191356784059e+00 -1.221073309790965122e-01
5.730643884618090489e+00 -3.639554207770113320e-02
5.778004577879396919e+00 5.251541357433970464e-02
5.825365271140703349e+00 1.368102663903569827e-01
5.872725964402010668e+00 2.090795020456670261e-01
5.920086657663317098e+00 2.629706575020858694e-01
5.967447350924623528e+00 2.937467022650049886e-01
6.014808044185929958e+00 2.987024231818971587e-01
6.062168737447236389e+00 2.774022125745213008e-01
6.109529430708542819e+00 2.317183581371057288e-01
6.156890123969849249e+00 1.656664689199444096e-01
6.204250817231155679e+00 8.505250344811200736e-02
6.251611510492462109e+00 -3.037573809866532786e-03
6.298972203753769428e+00 -9.086064844663772899e-02
6.346332897015075858e+00 -1.706970755749822599e-01
6.393693590276382288e+00 -2.355292363169113057e-01
6.441054283537688718e+00 -2.796583862334670045e-01
6.488414976798995148e+00 -2.992055747420231393e-01
6.535775670060301579e+00 -2.924526047235029846e-01
6.583136363321608009e+00 -2.599930619831473666e-01
6.630497056582914439e+00 -2.046801390810326637e-01
6.677857749844221757e+00 -1.313758398156376905e-01
6.725218443105528188e+00 -4.652360927670861485e-02
6.772579136366834618e+00 4.241804473063075925e-02
6.819939829628141048e+00 1.276311542354598150e-01
6.867300522889447478e+00 2.016254901854179216e-01
6.914661216150753908e+00 2.578969532926885799e-01
6.962021909412060339e+00 2.914992841115779942e-01
7.009382602673366769e+00 2.994788390538023481e-01
7.056743295934673199e+00 2.811342155464414128e-01
7.104103989195980517e+00 2.380779052911569660e-01
7.151464682457286948e+00 1.740945563055621148e-01
7.198825375718593378e+00 9.480830250783063573e-02
7.246186068979899808e+00 7.188402561330362386e-03
7.293546762241206238e+00 -8.106335769419599491e-02
7.340907455502512668e+00 -1.621896519221188437e-01
7.388268148763819099e+00 -2.290594819759319278e-01
7.435628842025125529e+00 -2.757949923624366528e-01
7.482989535286432847e+00 -2.982881335138092282e-01
7.530350228547739277e+00 -2.945617591868249785e-01
7.577710921809045708e+00 -2.649434175416927051e-01
7.625071615070352138e+00 -2.120365596713546796e-01
7.672432308331658568e+00 -1.404916963504125593e-01
7.719793001592964998e+00 -5.659761831667764476e-02
7.767153694854271428e+00 3.227138819312726919e-02
7.814514388115577859e+00 1.183037409203305523e-01
7.861875081376884289e+00 1.939371993647849013e-01
7.909235774638191607e+00 2.525235854343745867e-01
7.956596467899498037e+00 2.889131580439314728e-01
8.003957161160803579e+00 2.999072751588341412e-01
8.051317854422110898e+00 2.845395543069749178e-01
8.098678547683418216e+00 2.441608175609448761e-01
8.146039240944723758e+00 1.823203543297392537e-01
8.193399934206031077e+00 1.044539389560319165e-01
8.240760627467336619e+00 1.740602636025833858e-02
8.288121320728643937e+00 -7.117187528400331642e-02
8.335482013989949479e+00 -1.534937718245729943e-01
8.382842707251256797e+00 -2.223235717175957027e-01
8.430203400512562339e+00 -2.716111381962801885e-01
8.477564093773869658e+00 -2.970240960603353630e-01
8.524924787035176976e+00 -2.963286472896404233e-01
8.572285480296482518e+00 -2.695859218044285854e-01
8.619646173557789837e+00 -2.191466041476372861e-01
8.667006866819095379e+00 -1.494443084038825365e-01
8.714367560080402697e+00 -6.660586369170908017e-02
8.761728253341708239e+00 2.208723388057237322e-02
8.809088946603015557e+00 1.088388644431435015e-01
8.856449639864321099e+00 1.860235630017562647e-01
8.903810333125628418e+00 2.468567975178437568e-01
8.951171026386935736e+00 2.859913290140981279e-01
8.998531719648241278e+00 2.999872336751881474e-01
9.045892412909548597e+00 2.876142720190008606e-01
9.093253106170854139e+00 2.499600268998593555e-01
9.140613799432161457e+00 1.903343050174020057e-01
9.187974492693466999e+00 1.139782050348234904e-01
9.235335185954774317e+00 2.760342520768452670e-02
9.282695879216079859e+00 -6.119769463493621164e-02
9.330056572477387178e+00 -1.446195394698049641e-01
9.377417265738694496e+00 -2.153293323402418469e-01
9.424777959000000038e+00 -2.671116851689559479e-01
